18.502 123.946
2.166 25.476
-17.266 -88.430
7.822 63.235
-15.599 -74.472
8.543 65.873
12.192 89.428
-14.557 -79.295
-10.035 -51.074
9.982 72.857
-1.210 8.418
0.421 23.808
10.232 77.383
15.041 101.684
11.669 77.668
0.684 18.884
8.978 67.578
-0.968 2.939
-14.338 -73.204
7.457 59.022
-18.632 -99.696
-10.363 -50.199
5.308 43.215
4.070 34.212
1.033 23.999
0.586 18.142
4.749 44.734
18.432 123.265
15.333 102.881
-16.504 -85.104
-12.212 -59.316
6.981 54.636
4.253 43.764
15.791 105.978
6.306 52.285
-15.529 -81.924
-1.671 1.585
7.069 58.730
-2.879 -8.109
-6.112 -31.754
14.543 99.146
-8.148 -37.793
-2.498 3.731
-18.077 -89.538
-12.343 -63.650
13.935 97.704
13.962 97.155
6.289 48.634
-8.882 -39.908
6.372 51.829
4.335 44.930
15.893 109.123
18.811 120.786
15.139 105.936
-10.215 -50.760
9.279 70.945
14.115 96.071
-0.879 8.390
11.240 75.457
-17.184 -93.257
15.973 107.067
-14.690 -79.697
-2.023 1.206
5.695 49.606
11.170 82.601
3.562 33.388
-11.403 -54.035
14.253 101.507
0.201 15.270
-9.513 -45.114
18.432 124.586
16.475 109.304
9.706 72.255
-14.590 -79.893
17.727 112.721
7.869 59.173
-11.165 -50.428
-5.969 -21.277
-0.199 11.340
2.455 19.416
-4.201 -11.464
3.825 29.819
-10.948 -54.769
-15.449 -75.614
-2.335 -1.874
15.364 109.938
-13.170 -66.296
-2.527 2.937
17.051 126.652
6.685 50.219
13.169 94.620
-18.827 -103.386
-10.356 -50.363
-19.439 -98.868
1.435 22.834
-13.435 -69.844
4.600 40.343
-18.249 -99.522
-4.725 -13.410
18.909 130.989
-17.897 -98.264
18.743 126.548
-13.770 -72.758
16.692 116.999
16.641 113.104
6.260 52.517
14.187 98.173
-17.977 -98.132
2.024 24.944
2.527 29.844
-3.036 -9.463
11.057 84.497
-16.674 -86.898
10.194 72.278
-18.434 -96.580
-17.029 -96.571
-17.157 -89.412
-19.252 -108.219
-5.310 -19.857
16.470 108.119
-15.443 -81.728
18.854 128.568
9.210 69.015
13.504 97.524
1.348 20.740
-14.332 -69.743
16.517 107.848
-18.725 -100.651
-7.113 -26.129
16.306 110.352
6.660 49.759
-6.473 -25.571
-9.110 -39.460
-3.262 -7.206
16.426 112.077
4.020 30.009
-14.804 -76.215
7.227 49.549
-13.923 -69.550
5.403 52.608
-4.599 -12.366
-2.119 -0.640
-0.965 3.602
-9.855 -49.825
-8.555 -36.905
-13.369 -68.124
-14.630 -71.755
-10.387 -46.378
-1.099 10.688
-13.817 -69.828
-3.268 -11.788
-1.624 -1.520
-19.162 -103.442
10.939 79.077
4.360 33.426
7.157 55.017
11.632 77.571
-9.110 -36.237
-0.873 9.345
-10.067 -48.650
13.551 95.100
-10.790 -52.285
7.628 48.493
7.122 62.854
16.763 118.105
-3.027 -5.564
6.733 48.949
1.276 16.514
18.438 123.719
9.716 70.666
-0.287 15.685
9.118 72.123
11.285 85.408
9.384 70.469
-10.924 -51.944
16.846 112.269
-18.448 -97.729
-10.446 -53.218
-16.558 -84.737
-6.803 -27.324
-7.677 -27.250
1.675 24.971
18.812 122.985
-15.855 -78.091
-18.543 -92.972
17.521 125.913
-11.892 -60.701
-7.817 -37.807
-8.486 -43.535
6.181 47.759
3.754 35.594
-1.295 4.722
18.540 120.210
-13.913 -65.744
-14.586 -73.587
5.737 52.019
16.733 113.406
-19.204 -111.722
-17.642 -99.747
-6.837 -31.088
15.808 104.601
17.852 117.608
